{
 "cells": [
  {
   "cell_type": "code",
   "execution_count": 13,
   "id": "04e3df39-d427-4b5f-a521-4379f07f4fc4",
   "metadata": {},
   "outputs": [],
   "source": [
    "import numpy as np\n",
    "\n",
    "\n",
    "import transforms.genh as gh\n",
    "import transforms.genHbyh as Hbyh"
   ]
  },
  {
   "cell_type": "code",
   "execution_count": 14,
   "id": "c8b35f0f-f352-4a55-9bb8-0d7292eb7da4",
   "metadata": {},
   "outputs": [
    {
     "data": {
      "text/plain": [
       "array([[  3,   7,  13,  21,  31,  43,  57,  73,  91, 111],\n",
       "       [  7,  12,  19,  28,  39,  52,  67,  84, 103, 124],\n",
       "       [ 13,  19,  27,  37,  49,  63,  79,  97, 117, 139],\n",
       "       [ 21,  28,  37,  48,  61,  76,  93, 112, 133, 156],\n",
       "       [ 31,  39,  49,  61,  75,  91, 109, 129, 151, 175],\n",
       "       [ 43,  52,  63,  76,  91, 108, 127, 148, 171, 196],\n",
       "       [ 57,  67,  79,  93, 109, 127, 147, 169, 193, 219],\n",
       "       [ 73,  84,  97, 112, 129, 148, 169, 192, 217, 244],\n",
       "       [ 91, 103, 117, 133, 151, 171, 193, 217, 243, 271],\n",
       "       [111, 124, 139, 156, 175, 196, 219, 244, 271, 300]])"
      ]
     },
     "execution_count": 14,
     "metadata": {},
     "output_type": "execute_result"
    }
   ],
   "source": [
    "\n",
    "A = np.array([[i*j+ i*i + j*j for i in range(1,11)] \n",
    "for j in range(1,11)])\n",
    "A"
   ]
  },
  {
   "cell_type": "code",
   "execution_count": 15,
   "id": "c7576244-ca0b-4a36-b3e4-a98183907545",
   "metadata": {},
   "outputs": [
    {
     "data": {
      "text/plain": [
       "array([[  7],\n",
       "       [ 13],\n",
       "       [ 21],\n",
       "       [ 31],\n",
       "       [ 43],\n",
       "       [ 57],\n",
       "       [ 73],\n",
       "       [ 91],\n",
       "       [111]])"
      ]
     },
     "execution_count": 15,
     "metadata": {},
     "output_type": "execute_result"
    }
   ],
   "source": [
    "\n",
    "\n",
    "c= A[1:, 0, np.newaxis]\n",
    "c"
   ]
  },
  {
   "cell_type": "code",
   "execution_count": 16,
   "id": "5aa1c8f8-8673-4830-95c4-cc9275c62d54",
   "metadata": {},
   "outputs": [],
   "source": [
    "\n",
    "def genTriplematrix(A):\n",
    "\n",
    "    p = np.identity(10)\n",
    "    # print(p)\n",
    "    for i in range(1,6):\n",
    "        c= A[i:, i-1, np.newaxis]\n",
    "        # print(c)\n",
    "        h = gh.genUh(c)\n",
    "        # print(h)\n",
    "        H= Hbyh.gen_H(h)\n",
    "        # print(H)\n",
    "        p =H @ p\n",
    "        \n",
    "        \n",
    "        \n",
    "        \n",
    "        \n",
    "        A = H @ A @ H.T\n",
    " \n",
    "    return  A ,p\n",
    "      \n",
    "\n",
    "        "
   ]
  },
  {
   "cell_type": "code",
   "execution_count": 17,
   "id": "2ad9dac9-1ea8-4c7c-b9d5-9c77069cb9d2",
   "metadata": {},
   "outputs": [],
   "source": [
    "A , p = genTriplematrix(A)\n"
   ]
  },
  {
   "cell_type": "code",
   "execution_count": 18,
   "id": "8f5f0ae6-e867-4b8d-8343-01af81537006",
   "metadata": {},
   "outputs": [
    {
     "data": {
      "text/plain": [
       "array([[ 3.00000000e+00, -1.80690343e+02, -3.55837461e-15,\n",
       "         1.38170752e-14,  4.00196844e-15, -8.34770426e-15,\n",
       "         2.37115608e-17, -2.47172849e-16,  7.02564786e-16,\n",
       "         2.89550648e-15],\n",
       "       [-1.80690343e+02,  1.15406303e+03,  3.31384740e+02,\n",
       "        -3.22484650e-14,  5.00382622e-14, -4.88879710e-15,\n",
       "         3.95055440e-14, -4.35569807e-14,  1.52125456e-14,\n",
       "         1.42618944e-14],\n",
       "       [-3.55837461e-15,  3.31384740e+02, -3.41696413e+00,\n",
       "         3.26438668e+00,  5.79055032e-16,  2.36474274e-15,\n",
       "        -8.79397650e-15,  1.51738019e-15,  1.20213923e-15,\n",
       "         8.00505055e-15],\n",
       "       [ 1.38170752e-14,  1.12493121e-14,  3.26438668e+00,\n",
       "         1.35393004e+00,  2.82378252e-15, -1.76762732e-15,\n",
       "        -7.66289444e-15,  9.17041739e-16, -1.79780502e-14,\n",
       "         5.02061283e-15],\n",
       "       [ 4.00196844e-15, -1.12437734e-14,  9.58326051e-17,\n",
       "         1.06293911e-14, -6.42589853e-15,  4.39713204e-16,\n",
       "        -9.13089998e-15, -7.89894818e-15,  1.42863069e-14,\n",
       "        -1.17623170e-14],\n",
       "       [-8.34770426e-15,  2.14289916e-14,  7.37818641e-17,\n",
       "         1.10846154e-30,  2.02518333e-14,  6.21964466e-15,\n",
       "        -2.43309886e-15,  1.08588581e-14, -1.78151489e-14,\n",
       "         3.66611828e-14],\n",
       "       [ 2.37115608e-17,  1.21551271e-14, -1.57481801e-16,\n",
       "        -2.74101619e-31, -9.62412279e-31,  6.46144829e-16,\n",
       "         3.28976387e-15,  2.03170654e-14, -2.19241794e-15,\n",
       "        -1.06174136e-14],\n",
       "       [-2.47172849e-16,  8.41204570e-15,  1.78710800e-17,\n",
       "        -1.45233285e-31,  5.18204849e-31, -2.67778997e-15,\n",
       "        -2.78632984e-15,  5.73899650e-15, -3.14009117e-15,\n",
       "         2.52520818e-15],\n",
       "       [ 7.02564786e-16, -2.62225422e-15, -5.00594094e-17,\n",
       "         6.51031198e-31,  1.35517919e-30,  2.30799627e-15,\n",
       "         4.43365097e-15, -1.00125976e-14,  1.51902736e-14,\n",
       "        -1.55227162e-14],\n",
       "       [ 2.89550648e-15,  1.66799575e-14, -3.82948562e-17,\n",
       "        -1.79145138e-31,  1.65035980e-30,  6.19993267e-16,\n",
       "        -1.04591138e-14,  9.03936591e-15, -7.44690021e-15,\n",
       "         2.62593283e-15]])"
      ]
     },
     "execution_count": 18,
     "metadata": {},
     "output_type": "execute_result"
    }
   ],
   "source": [
    "A"
   ]
  },
  {
   "cell_type": "code",
   "execution_count": 19,
   "id": "1dd3e97f-123f-4d53-a7df-c8b7b30f2801",
   "metadata": {},
   "outputs": [
    {
     "data": {
      "text/plain": [
       "array([[ 1.        ,  0.        ,  0.        ,  0.        ,  0.        ,\n",
       "         0.        ,  0.        ,  0.        ,  0.        ,  0.        ],\n",
       "       [ 0.        , -0.03874031, -0.07194629, -0.11622093, -0.17156423,\n",
       "        -0.23797619, -0.31545681, -0.4040061 , -0.50362404, -0.61431064],\n",
       "       [ 0.        , -0.4905566 , -0.47005862, -0.42594387, -0.35821233,\n",
       "        -0.26686402, -0.15189892, -0.01331705,  0.14888161,  0.33469704],\n",
       "       [ 0.        ,  0.64688444,  0.22947005, -0.07700857, -0.27255141,\n",
       "        -0.35715849, -0.33082979, -0.19356532,  0.05463493,  0.41377094],\n",
       "       [ 0.        ,  0.36907508, -0.34397229, -0.10118708, -0.48683736,\n",
       "         0.24689366,  0.62018139, -0.06641073, -0.21878278, -0.01895991],\n",
       "       [ 0.        , -0.36937309,  0.44430886,  0.50222703, -0.59073631,\n",
       "        -0.18605653,  0.170258  , -0.00851659,  0.03562741,  0.00226122],\n",
       "       [ 0.        , -0.10085204,  0.3807606 , -0.44616206,  0.27792927,\n",
       "        -0.46065088,  0.56438921, -0.18823962, -0.0452667 ,  0.01809224],\n",
       "       [ 0.        ,  0.05643711,  0.291425  , -0.39867599, -0.22484242,\n",
       "         0.02222612, -0.12741154,  0.77727789, -0.23642949, -0.16000669],\n",
       "       [ 0.        ,  0.01976667,  0.26826332, -0.37663002, -0.23275809,\n",
       "         0.38119845, -0.07699802, -0.26616186,  0.62611798, -0.34279842],\n",
       "       [ 0.        , -0.23020434,  0.32188888, -0.19185956, -0.00320095,\n",
       "         0.53945318, -0.11685481, -0.2901966 , -0.47128038,  0.44225459]])"
      ]
     },
     "execution_count": 19,
     "metadata": {},
     "output_type": "execute_result"
    }
   ],
   "source": [
    "p"
   ]
  },
  {
   "cell_type": "code",
   "execution_count": 20,
   "id": "da6bfc24-6e2d-4e92-87a9-0a509e5a0960",
   "metadata": {},
   "outputs": [
    {
     "data": {
      "text/plain": [
       "array([[   3.        ,    7.        ,   88.63883937, -116.88577085,\n",
       "         -66.68830317,   66.74215091,   18.22298885,  -10.19764014,\n",
       "          -3.57164611,   41.59570165],\n",
       "       [   7.        ,    3.63450895,   39.89240716,  -47.29072409,\n",
       "         -20.7988181 ,   19.36043697,    2.14942955,   -7.49265356,\n",
       "          -4.68707572,   11.68052914],\n",
       "       [  88.63883937,   39.89240716,  431.3464688 , -504.07938382,\n",
       "        -210.38001565,  193.45912844,   11.93191866,  -87.21252381,\n",
       "         -57.02631388,  114.33259053],\n",
       "       [-116.88577085,  -47.29072409, -504.07938382,  581.02324714,\n",
       "         230.15124506, -208.73277095,   -2.01891638,  108.33775422,\n",
       "          73.24616529, -120.81786238],\n",
       "       [ -66.68830317,  -20.7988181 , -210.38001565,  230.15124506,\n",
       "          72.89950065,  -61.14118107,   15.99243729,   53.99700449,\n",
       "          39.67755114,  -31.92934148],\n",
       "       [  66.74215091,   19.36043697,  193.45912844, -208.73277095,\n",
       "         -61.14118107,   49.80921403,  -19.36914739,  -52.23410978,\n",
       "         -39.12223949,   24.46645391],\n",
       "       [  18.22298885,    2.14942955,   11.93191866,   -2.01891638,\n",
       "          15.99243729,  -19.36914739,  -15.04752518,  -10.24552818,\n",
       "          -9.75244678,  -14.02136129],\n",
       "       [ -10.19764014,   -7.49265356,  -87.21252381,  108.33775422,\n",
       "          53.99700449,  -52.23410978,  -10.24552818,   13.74301126,\n",
       "           7.44229105,  -32.02368757],\n",
       "       [  -3.57164611,   -4.68707572,  -57.02631388,   73.24616529,\n",
       "          39.67755114,  -39.12223949,   -9.75244678,    7.44229105,\n",
       "           3.25187752,  -24.36870499],\n",
       "       [  41.59570165,   11.68052914,  114.33259053, -120.81786238,\n",
       "         -31.92934148,   24.46645391,  -14.02136129,  -32.02368757,\n",
       "         -24.36870499,   11.33969684]])"
      ]
     },
     "execution_count": 20,
     "metadata": {},
     "output_type": "execute_result"
    }
   ],
   "source": [
    "p @ A @ p.T"
   ]
  }
 ],
 "metadata": {
  "kernelspec": {
   "display_name": "nla",
   "language": "python",
   "name": "python3"
  },
  "language_info": {
   "codemirror_mode": {
    "name": "ipython",
    "version": 3
   },
   "file_extension": ".py",
   "mimetype": "text/x-python",
   "name": "python",
   "nbconvert_exporter": "python",
   "pygments_lexer": "ipython3",
   "version": "3.9.15"
  },
  "vscode": {
   "interpreter": {
    "hash": "22705ef27b5704e2eb50670cf34b5b08ae6ca88e8f64287abd7aaebbf34523ad"
   }
  }
 },
 "nbformat": 4,
 "nbformat_minor": 5
}
