{
 "cells": [
  {
   "cell_type": "code",
   "execution_count": 2,
   "metadata": {
    "tags": []
   },
   "outputs": [],
   "source": [
    "import numpy as np \n",
    "import scipy.linalg as lg "
   ]
  },
  {
   "cell_type": "markdown",
   "metadata": {},
   "source": [
    "# Q1"
   ]
  },
  {
   "cell_type": "markdown",
   "metadata": {},
   "source": [
    "## LU Decoposition\n",
    "\n",
    "  \\begin{bmatrix}a_{11}&a_{12}&a_{13}\\\\a_{21}&a_{22}&a_{23}\\\\a_{31}&a_{32}&a_{33}\\end{bmatrix} \n",
    " \n",
    "\\begin{bmatrix}\\ell _{11}&0&0\\\\\\ell _{21}&\\ell _{22}&0\\\\\\ell _{31}&\\ell _{32}&\\ell _{33}\\end{bmatrix}\n",
    "\n",
    "\\begin{bmatrix}u_{11}&u_{12}&u_{13}\\\\0&u_{22}&u_{23}\\\\0&0&u_{33}\\end{bmatrix}"
   ]
  },
  {
   "cell_type": "code",
   "execution_count": 3,
   "metadata": {},
   "outputs": [],
   "source": [
    "A = np.array([[95, 54, 26, 6, 10],[70, 40, 20, 5, 8],\n",
    "             [46, 26, 14, 4, 6],[25, 14, 8, 3, 4],\n",
    "             [9, 5, 3, 2, 2]])"
   ]
  },
  {
   "cell_type": "code",
   "execution_count": 4,
   "metadata": {
    "tags": []
   },
   "outputs": [
    {
     "data": {
      "text/plain": [
       "array([[95, 54, 26,  6, 10],\n",
       "       [70, 40, 20,  5,  8],\n",
       "       [46, 26, 14,  4,  6],\n",
       "       [25, 14,  8,  3,  4],\n",
       "       [ 9,  5,  3,  2,  2]])"
      ]
     },
     "execution_count": 4,
     "metadata": {},
     "output_type": "execute_result"
    }
   ],
   "source": [
    "A"
   ]
  },
  {
   "cell_type": "code",
   "execution_count": 5,
   "metadata": {},
   "outputs": [],
   "source": [
    "A, L, U = lg.lu(A)"
   ]
  },
  {
   "cell_type": "code",
   "execution_count": 6,
   "metadata": {},
   "outputs": [
    {
     "data": {
      "text/plain": [
       "array([[ 1.        ,  0.        ,  0.        ,  0.        ,  0.        ],\n",
       "       [ 0.73684211,  1.        ,  0.        ,  0.        ,  0.        ],\n",
       "       [ 0.48421053, -0.7       ,  1.        ,  0.        ,  0.        ],\n",
       "       [ 0.09473684, -0.55      ,  0.5       ,  1.        ,  0.        ],\n",
       "       [ 0.26315789, -1.        ,  1.        ,  0.5       ,  1.        ]])"
      ]
     },
     "execution_count": 6,
     "metadata": {},
     "output_type": "execute_result"
    }
   ],
   "source": [
    "L"
   ]
  },
  {
   "cell_type": "code",
   "execution_count": 7,
   "metadata": {},
   "outputs": [
    {
     "data": {
      "text/plain": [
       "array([[95.        , 54.        , 26.        ,  6.        , 10.        ],\n",
       "       [ 0.        ,  0.21052632,  0.84210526,  0.57894737,  0.63157895],\n",
       "       [ 0.        ,  0.        ,  2.        ,  1.5       ,  1.6       ],\n",
       "       [ 0.        ,  0.        ,  0.        ,  1.        ,  0.6       ],\n",
       "       [ 0.        ,  0.        ,  0.        ,  0.        ,  0.1       ]])"
      ]
     },
     "execution_count": 7,
     "metadata": {},
     "output_type": "execute_result"
    }
   ],
   "source": [
    "U"
   ]
  },
  {
   "cell_type": "code",
   "execution_count": null,
   "metadata": {},
   "outputs": [],
   "source": []
  },
  {
   "cell_type": "code",
   "execution_count": 8,
   "metadata": {},
   "outputs": [],
   "source": [
    "A = np.array([[95, 54, 26, 6, 10],[70, 40, 20, 5, 8],\n",
    "             [46, 26, 14, 4, 6],[25, 14, 8, 3, 4],\n",
    "             [9, 5, 3, 2, 2]])"
   ]
  },
  {
   "cell_type": "code",
   "execution_count": 9,
   "metadata": {},
   "outputs": [],
   "source": [
    "n = A.shape[0]\n",
    "u = np.zeros((n,n), dtype=np.double)\n",
    "l = np.eye(n, dtype=np.double)\n",
    "\n",
    "def firstQ1(A):\n",
    "    \n",
    "    n = A.shape[0]\n",
    "    for k in range(n):\n",
    "        \n",
    "        u[k, k:] = A[k, k:] - l[k,:k] @ u[:k,k:]\n",
    "        \n",
    "        l[(k+1):,k] = (A[(k+1):,k] - l[(k+1):,:] @ u[:,k]) / u[k, k]\n",
    "        \n",
    "        \n",
    "        \n",
    "    return l,u\n"
   ]
  },
  {
   "cell_type": "code",
   "execution_count": 10,
   "metadata": {},
   "outputs": [
    {
     "data": {
      "text/plain": [
       "(array([[ 1.        ,  0.        ,  0.        ,  0.        ,  0.        ],\n",
       "        [ 0.73684211,  1.        ,  0.        ,  0.        ,  0.        ],\n",
       "        [ 0.48421053, -0.7       ,  1.        ,  0.        ,  0.        ],\n",
       "        [ 0.26315789, -1.        ,  1.        ,  1.        ,  0.        ],\n",
       "        [ 0.09473684, -0.55      ,  0.5       ,  2.        ,  1.        ]]),\n",
       " array([[95.        , 54.        , 26.        ,  6.        , 10.        ],\n",
       "        [ 0.        ,  0.21052632,  0.84210526,  0.57894737,  0.63157895],\n",
       "        [ 0.        ,  0.        ,  2.        ,  1.5       ,  1.6       ],\n",
       "        [ 0.        ,  0.        ,  0.        ,  0.5       ,  0.4       ],\n",
       "        [ 0.        ,  0.        ,  0.        ,  0.        , -0.2       ]]))"
      ]
     },
     "execution_count": 10,
     "metadata": {},
     "output_type": "execute_result"
    }
   ],
   "source": [
    "firstQ1(A)"
   ]
  },
  {
   "cell_type": "code",
   "execution_count": 11,
   "metadata": {},
   "outputs": [
    {
     "data": {
      "text/plain": [
       "array([[ 1.        ,  0.        ,  0.        ,  0.        ,  0.        ],\n",
       "       [ 0.73684211,  1.        ,  0.        ,  0.        ,  0.        ],\n",
       "       [ 0.48421053, -0.7       ,  1.        ,  0.        ,  0.        ],\n",
       "       [ 0.26315789, -1.        ,  1.        ,  1.        ,  0.        ],\n",
       "       [ 0.09473684, -0.55      ,  0.5       ,  2.        ,  1.        ]])"
      ]
     },
     "execution_count": 11,
     "metadata": {},
     "output_type": "execute_result"
    }
   ],
   "source": [
    "l"
   ]
  },
  {
   "cell_type": "code",
   "execution_count": 12,
   "metadata": {},
   "outputs": [
    {
     "data": {
      "text/plain": [
       "array([[95.        , 54.        , 26.        ,  6.        , 10.        ],\n",
       "       [ 0.        ,  0.21052632,  0.84210526,  0.57894737,  0.63157895],\n",
       "       [ 0.        ,  0.        ,  2.        ,  1.5       ,  1.6       ],\n",
       "       [ 0.        ,  0.        ,  0.        ,  0.5       ,  0.4       ],\n",
       "       [ 0.        ,  0.        ,  0.        ,  0.        , -0.2       ]])"
      ]
     },
     "execution_count": 12,
     "metadata": {},
     "output_type": "execute_result"
    }
   ],
   "source": [
    "u"
   ]
  },
  {
   "cell_type": "code",
   "execution_count": 13,
   "metadata": {},
   "outputs": [
    {
     "data": {
      "text/plain": [
       "array([[95., 54., 26.,  6., 10.],\n",
       "       [70., 40., 20.,  5.,  8.],\n",
       "       [46., 26., 14.,  4.,  6.],\n",
       "       [25., 14.,  8.,  3.,  4.],\n",
       "       [ 9.,  5.,  3.,  2.,  2.]])"
      ]
     },
     "execution_count": 13,
     "metadata": {},
     "output_type": "execute_result"
    }
   ],
   "source": [
    "l @ u"
   ]
  },
  {
   "cell_type": "markdown",
   "metadata": {},
   "source": [
    "### QR Decompostion\n"
   ]
  },
  {
   "cell_type": "code",
   "execution_count": 14,
   "metadata": {},
   "outputs": [],
   "source": [
    "A = np.array([[95, 54, 26, 6, 10],[70, 40, 20, 5, 8],\n",
    "             [46, 26, 14, 4, 6],[25, 14, 8, 3, 4],\n",
    "             [9, 5, 3, 2, 2]])"
   ]
  },
  {
   "cell_type": "code",
   "execution_count": 15,
   "metadata": {},
   "outputs": [],
   "source": [
    "Q1 , R1 = lg.qr(A)"
   ]
  },
  {
   "cell_type": "code",
   "execution_count": 16,
   "metadata": {},
   "outputs": [
    {
     "data": {
      "text/plain": [
       "array([[-7.34099782e-01,  2.66652690e-02,  6.78517850e-01,\n",
       "        -7.67290867e-16,  2.74528934e-16],\n",
       "       [-5.40915629e-01, -5.79162849e-01, -5.62464955e-01,\n",
       "        -1.84448932e-01, -1.46943672e-01],\n",
       "       [-3.55458842e-01,  4.32079264e-01, -4.01557259e-01,\n",
       "         4.71237270e-01,  5.51038769e-01],\n",
       "       [-1.93184153e-01,  6.05828118e-01, -2.32817772e-01,\n",
       "        -4.04597656e-02, -7.34718358e-01],\n",
       "       [-6.95462951e-02,  3.31872202e-01, -8.82856385e-02,\n",
       "        -8.61555009e-01,  3.67359179e-01]])"
      ]
     },
     "execution_count": 16,
     "metadata": {},
     "output_type": "execute_result"
    }
   ],
   "source": [
    "Q1"
   ]
  },
  {
   "cell_type": "code",
   "execution_count": 17,
   "metadata": {},
   "outputs": [
    {
     "data": {
      "text/plain": [
       "array([[-1.29410201e+02, -7.35722529e+01, -3.66354428e+01,\n",
       "        -9.24965725e+00, -1.47129051e+01],\n",
       "       [ 0.00000000e+00, -3.51573929e-01,  1.00139125e+00,\n",
       "         1.47372318e+00,  1.31288235e+00],\n",
       "       [ 0.00000000e+00,  0.00000000e+00, -1.35703570e+00,\n",
       "        -1.22247130e+00, -1.23172705e+00],\n",
       "       [ 0.00000000e+00,  0.00000000e+00,  0.00000000e+00,\n",
       "        -8.81784892e-01, -5.33116912e-01],\n",
       "       [ 0.00000000e+00,  0.00000000e+00,  0.00000000e+00,\n",
       "         0.00000000e+00, -7.34718358e-02]])"
      ]
     },
     "execution_count": 17,
     "metadata": {},
     "output_type": "execute_result"
    }
   ],
   "source": [
    "R1"
   ]
  },
  {
   "cell_type": "code",
   "execution_count": 18,
   "metadata": {},
   "outputs": [
    {
     "data": {
      "text/plain": [
       "array([[95., 54., 26.,  6., 10.],\n",
       "       [70., 40., 20.,  5.,  8.],\n",
       "       [46., 26., 14.,  4.,  6.],\n",
       "       [25., 14.,  8.,  3.,  4.],\n",
       "       [ 9.,  5.,  3.,  2.,  2.]])"
      ]
     },
     "execution_count": 18,
     "metadata": {},
     "output_type": "execute_result"
    }
   ],
   "source": [
    "Q1 @ R1"
   ]
  },
  {
   "cell_type": "code",
   "execution_count": 19,
   "metadata": {},
   "outputs": [],
   "source": [
    "A = np.array([[95, 54, 26, 6, 10],[70, 40, 20, 5, 8],\n",
    "             [46, 26, 14, 4, 6],[25, 14, 8, 3, 4],\n",
    "             [9, 5, 3, 2, 2]])\n",
    "\n",
    "def secondQ2(A):\n",
    "    n, m = A.shape  \n",
    "\n",
    "    Q = np.empty((n, n))\n",
    "    u = np.empty((n, n))\n",
    "\n",
    "    u[:, 0] = A[:, 0]\n",
    "    Q[:, 0] = u[:, 0] / np.linalg.norm(u[:, 0])\n",
    "\n",
    "    for i in range(1, n):\n",
    "\n",
    "        u[:, i] = A[:, i]\n",
    "        for j in range(i):\n",
    "            u[:, i] -= (A[:, i] @ Q[:, j]) * Q[:, j]\n",
    "\n",
    "        Q[:, i] = u[:, i] / np.linalg.norm(u[:, i]) \n",
    "\n",
    "    R = np.zeros((n, m))\n",
    "    for i in range(n):\n",
    "        for j in range(i, m):\n",
    "            R[i, j] = A[:, j] @ Q[:, i]\n",
    "\n",
    "    return Q, R"
   ]
  },
  {
   "cell_type": "code",
   "execution_count": 20,
   "metadata": {},
   "outputs": [],
   "source": [
    "Q, R = secondQ2(A)"
   ]
  },
  {
   "cell_type": "code",
   "execution_count": 21,
   "metadata": {},
   "outputs": [
    {
     "data": {
      "text/plain": [
       "array([[ 7.34099782e-01, -2.66652690e-02, -6.78517850e-01,\n",
       "        -5.76776913e-13, -2.65706521e-12],\n",
       "       [ 5.40915629e-01,  5.79162849e-01,  5.62464955e-01,\n",
       "         1.84448932e-01,  1.46943672e-01],\n",
       "       [ 3.55458842e-01, -4.32079264e-01,  4.01557259e-01,\n",
       "        -4.71237270e-01, -5.51038769e-01],\n",
       "       [ 1.93184153e-01, -6.05828118e-01,  2.32817772e-01,\n",
       "         4.04597656e-02,  7.34718358e-01],\n",
       "       [ 6.95462951e-02, -3.31872202e-01,  8.82856385e-02,\n",
       "         8.61555009e-01, -3.67359179e-01]])"
      ]
     },
     "execution_count": 21,
     "metadata": {},
     "output_type": "execute_result"
    }
   ],
   "source": [
    "Q"
   ]
  },
  {
   "cell_type": "code",
   "execution_count": 22,
   "metadata": {},
   "outputs": [
    {
     "data": {
      "text/plain": [
       "array([[ 1.29410201e+02,  7.35722529e+01,  3.66354428e+01,\n",
       "         9.24965725e+00,  1.47129051e+01],\n",
       "       [ 0.00000000e+00,  3.51573929e-01, -1.00139125e+00,\n",
       "        -1.47372318e+00, -1.31288235e+00],\n",
       "       [ 0.00000000e+00,  0.00000000e+00,  1.35703570e+00,\n",
       "         1.22247130e+00,  1.23172705e+00],\n",
       "       [ 0.00000000e+00,  0.00000000e+00,  0.00000000e+00,\n",
       "         8.81784892e-01,  5.33116912e-01],\n",
       "       [ 0.00000000e+00,  0.00000000e+00,  0.00000000e+00,\n",
       "         0.00000000e+00,  7.34718358e-02]])"
      ]
     },
     "execution_count": 22,
     "metadata": {},
     "output_type": "execute_result"
    }
   ],
   "source": [
    "R"
   ]
  },
  {
   "cell_type": "code",
   "execution_count": 23,
   "metadata": {},
   "outputs": [
    {
     "data": {
      "text/plain": [
       "array([[95., 54., 26.,  6., 10.],\n",
       "       [70., 40., 20.,  5.,  8.],\n",
       "       [46., 26., 14.,  4.,  6.],\n",
       "       [25., 14.,  8.,  3.,  4.],\n",
       "       [ 9.,  5.,  3.,  2.,  2.]])"
      ]
     },
     "execution_count": 23,
     "metadata": {},
     "output_type": "execute_result"
    }
   ],
   "source": [
    "Q @ R"
   ]
  },
  {
   "cell_type": "code",
   "execution_count": null,
   "metadata": {},
   "outputs": [],
   "source": []
  },
  {
   "cell_type": "code",
   "execution_count": null,
   "metadata": {},
   "outputs": [],
   "source": []
  },
  {
   "cell_type": "markdown",
   "metadata": {},
   "source": [
    "# Q2"
   ]
  },
  {
   "cell_type": "code",
   "execution_count": 25,
   "metadata": {},
   "outputs": [],
   "source": [
    "A = np.array([[4, -1, 0, 0, 0, 0, 0, 0, 0, 0],\n",
    "             [-1, 4, -1, 0, 0, 0, 0, 0, 0, 0],\n",
    "             [0, -1, 4, -1, 0, 0, 0, 0, 0, 0],\n",
    "             [0, 0, -1, 4, -1, 0, 0, 0, 0, 0],\n",
    "             [0, 0, 0, -1, 4, -1, 0, 0, 0, 0],\n",
    "             [0, 0, 0, 0, -1, 4, -1, 0, 0, 0],\n",
    "             [0, 0, 0, 0, 0, -1, 4, -1, 0, 0],\n",
    "             [0, 0, 0, 0, 0, 0, -1, 4, -1, 0],\n",
    "             [0, 0, 0, 0, 0, 0, 0, -1, 4, -1],\n",
    "             [0, 0, 0, 0, 0, 0, 0, 0, -1, 4]])\n",
    "             \n",
    "             "
   ]
  },
  {
   "cell_type": "code",
   "execution_count": 26,
   "metadata": {},
   "outputs": [
    {
     "data": {
      "text/plain": [
       "array([[ 4, -1,  0,  0,  0,  0,  0,  0,  0,  0],\n",
       "       [-1,  4, -1,  0,  0,  0,  0,  0,  0,  0],\n",
       "       [ 0, -1,  4, -1,  0,  0,  0,  0,  0,  0],\n",
       "       [ 0,  0, -1,  4, -1,  0,  0,  0,  0,  0],\n",
       "       [ 0,  0,  0, -1,  4, -1,  0,  0,  0,  0],\n",
       "       [ 0,  0,  0,  0, -1,  4, -1,  0,  0,  0],\n",
       "       [ 0,  0,  0,  0,  0, -1,  4, -1,  0,  0],\n",
       "       [ 0,  0,  0,  0,  0,  0, -1,  4, -1,  0],\n",
       "       [ 0,  0,  0,  0,  0,  0,  0, -1,  4, -1],\n",
       "       [ 0,  0,  0,  0,  0,  0,  0,  0, -1,  4]])"
      ]
     },
     "execution_count": 26,
     "metadata": {},
     "output_type": "execute_result"
    }
   ],
   "source": [
    "A"
   ]
  },
  {
   "cell_type": "code",
   "execution_count": 27,
   "metadata": {},
   "outputs": [],
   "source": [
    "b = np.array([2, 4, 6, 8, 10, 12, 14, 16, 18, 31])"
   ]
  },
  {
   "cell_type": "code",
   "execution_count": 28,
   "metadata": {},
   "outputs": [
    {
     "data": {
      "text/plain": [
       "array([ 2,  4,  6,  8, 10, 12, 14, 16, 18, 31])"
      ]
     },
     "execution_count": 28,
     "metadata": {},
     "output_type": "execute_result"
    }
   ],
   "source": [
    "np.transpose(b)"
   ]
  },
  {
   "cell_type": "code",
   "execution_count": null,
   "metadata": {},
   "outputs": [],
   "source": []
  },
  {
   "cell_type": "code",
   "execution_count": null,
   "metadata": {},
   "outputs": [],
   "source": []
  },
  {
   "cell_type": "code",
   "execution_count": null,
   "metadata": {},
   "outputs": [],
   "source": []
  },
  {
   "cell_type": "code",
   "execution_count": 29,
   "metadata": {},
   "outputs": [],
   "source": [
    "  \n",
    "def secondQ(a, x ,b):\n",
    "    \n",
    "    n = a.shape[0]         \n",
    "   \n",
    "    for j in range(0, n):        \n",
    "        \n",
    "        d = b[j]                  \n",
    "          \n",
    "       \n",
    "        for i in range(0, n):     \n",
    "            if(j != i):\n",
    "                d-=a[j][i] * x[i]\n",
    "             \n",
    "        x[j] = d / a[j][j]\n",
    "             \n",
    "    return x    \n",
    "   "
   ]
  },
  {
   "cell_type": "code",
   "execution_count": null,
   "metadata": {},
   "outputs": [],
   "source": []
  },
  {
   "cell_type": "code",
   "execution_count": 32,
   "metadata": {},
   "outputs": [
    {
     "name": "stdout",
     "output_type": "stream",
     "text": [
      "5.078884333542533e-06\n",
      "[ 0.99999831  1.99999831  2.99999877  3.99999924  4.99999958  5.99999979\n",
      "  6.9999999   7.99999996  8.99999999 10.        ]\n"
     ]
    }
   ],
   "source": [
    "x = [0,0,0,0,0,0,0,0,0,0]\n",
    "f =[]\n",
    "\n",
    "for i in range(0, 100): \n",
    "   \n",
    "    v1= np.array(x) \n",
    "    # print('v1 = ',v1)\n",
    "   \n",
    "\n",
    "    x = secondQ(A, x, b)\n",
    "    \n",
    "    v2 = np.array(x)\n",
    "    nor = lg.norm(v2 - v1, np.inf)\n",
    "    if nor < 0.00001:\n",
    "        print(nor)\n",
    "        print(v2)\n",
    "        break"
   ]
  },
  {
   "cell_type": "code",
   "execution_count": 114,
   "metadata": {},
   "outputs": [],
   "source": [
    "v2 =  np.array( [0.5, 1.125, 1.78125, 2.4453125, 3.111328125, 3.77783203125, 4.4444580078125, 5.111114501953125, 5.777778625488281, 9.19444465637207])\n",
    "v1 = np.array([0.5, 1.125, 1.78125, 2.4453125, 3.111328125, 3.77783203125, 4.4444580078125, 5.111114501953125, 5.777778625488281, 9.19444465637207])"
   ]
  },
  {
   "cell_type": "code",
   "execution_count": 33,
   "metadata": {},
   "outputs": [
    {
     "data": {
      "text/plain": [
       "5.078884333542533e-06"
      ]
     },
     "execution_count": 33,
     "metadata": {},
     "output_type": "execute_result"
    }
   ],
   "source": [
    "lg.norm(v2-v1, np.inf)"
   ]
  },
  {
   "cell_type": "code",
   "execution_count": null,
   "metadata": {},
   "outputs": [],
   "source": []
  },
  {
   "attachments": {},
   "cell_type": "markdown",
   "metadata": {},
   "source": [
    "# Q3"
   ]
  },
  {
   "cell_type": "code",
   "execution_count": 47,
   "metadata": {},
   "outputs": [
    {
     "data": {
      "text/plain": [
       "array([[  3,   7,  13,  21,  31,  43,  57,  73,  91, 111],\n",
       "       [  7,  12,  19,  28,  39,  52,  67,  84, 103, 124],\n",
       "       [ 13,  19,  27,  37,  49,  63,  79,  97, 117, 139],\n",
       "       [ 21,  28,  37,  48,  61,  76,  93, 112, 133, 156],\n",
       "       [ 31,  39,  49,  61,  75,  91, 109, 129, 151, 175],\n",
       "       [ 43,  52,  63,  76,  91, 108, 127, 148, 171, 196],\n",
       "       [ 57,  67,  79,  93, 109, 127, 147, 169, 193, 219],\n",
       "       [ 73,  84,  97, 112, 129, 148, 169, 192, 217, 244],\n",
       "       [ 91, 103, 117, 133, 151, 171, 193, 217, 243, 271],\n",
       "       [111, 124, 139, 156, 175, 196, 219, 244, 271, 300]])"
      ]
     },
     "execution_count": 47,
     "metadata": {},
     "output_type": "execute_result"
    }
   ],
   "source": [
    "import numpy as np\n",
    "A = np.array([[i*j+ i*i + j*j for i in range(1,11)] \n",
    "for j in range(1,11)])\n",
    "A"
   ]
  },
  {
   "cell_type": "code",
   "execution_count": 48,
   "metadata": {},
   "outputs": [
    {
     "data": {
      "text/plain": [
       "array([[  3,   7,  13,  21,  31,  43,  57,  73,  91, 111],\n",
       "       [  7,  12,  19,  28,  39,  52,  67,  84, 103, 124],\n",
       "       [ 13,  19,  27,  37,  49,  63,  79,  97, 117, 139],\n",
       "       [ 21,  28,  37,  48,  61,  76,  93, 112, 133, 156],\n",
       "       [ 31,  39,  49,  61,  75,  91, 109, 129, 151, 175],\n",
       "       [ 43,  52,  63,  76,  91, 108, 127, 148, 171, 196],\n",
       "       [ 57,  67,  79,  93, 109, 127, 147, 169, 193, 219],\n",
       "       [ 73,  84,  97, 112, 129, 148, 169, 192, 217, 244],\n",
       "       [ 91, 103, 117, 133, 151, 171, 193, 217, 243, 271],\n",
       "       [111, 124, 139, 156, 175, 196, 219, 244, 271, 300]])"
      ]
     },
     "execution_count": 48,
     "metadata": {},
     "output_type": "execute_result"
    }
   ],
   "source": [
    "A.transpose()"
   ]
  },
  {
   "cell_type": "code",
   "execution_count": 49,
   "metadata": {},
   "outputs": [],
   "source": [
    "def householder_vectorized(a):\n",
    "    \"\"\"Use this version of householder to reproduce the output of np.linalg.qr \n",
    "    exactly (specifically, to match the sign convention it uses)\n",
    "    \n",
    "    based on https://rosettacode.org/wiki/QR_decomposition#Python\n",
    "    \"\"\"\n",
    "    v = a / (a[0] + np.copysign(np.linalg.norm(a), a[0]))\n",
    "    v[0] = 1\n",
    "    tau = 2 / (v.T @ v)\n",
    "    \n",
    "    return v,tau"
   ]
  },
  {
   "cell_type": "code",
   "execution_count": 50,
   "metadata": {},
   "outputs": [
    {
     "name": "stdout",
     "output_type": "stream",
     "text": [
      "**** Q from qr_decomposition\n",
      "[[-0.016600702335237028  -0.3648374624040066     0.6962757075257143    -0.5535656604057075    -0.1622108109142021     0.14962076218459608    0.02657075327895796    0.1313601017362068    -0.09155133595234487    0.01847683444155948  ]\n",
      " [-0.0387349721155534    -0.4069083681102323     0.3342350380868757     0.5950853500746752     0.22500956568390348    0.09852197703410538   -0.3637196238253713     0.025545795525506062   0.3197678416371238     0.26749511726517017  ]\n",
      " [-0.07193637678602775   -0.4187402215735144     0.053057684314292704   0.29000370675603915   -0.0007719917697299707 -0.31532299837126554    0.6993111050015229     0.07720176120457256    0.05742090010391071   -0.36720843424546334  ]\n",
      " [-0.1162049163466602    -0.4003330227938546    -0.14725635379210705   -0.03878683785251088    0.16294454296691996   -0.1695081635666999    -0.045507981643029334  -0.5604972257303966    -0.5966801697212237     0.27477582275950374  ]\n",
      " [-0.1715405907974508    -0.3516867717712538    -0.2667070762323255     0.01594395198529455   -0.42276414768657694    0.2990752765009322    -0.3693915422747369    -0.1794882250029225     0.06415766970149545   -0.5783990660167669   ]\n",
      " [-0.23794340013839949   -0.27280146850571146   -0.30529448300635526   -0.38733966271201403    0.06890108731298378   -0.5842572871282067    -0.2504845534027196     0.23984169991765208    0.37344686787491815    0.14104080407481775  ]\n",
      " [-0.3154133443695063    -0.16367711299722926   -0.26301857411423146    0.052413838468037356   0.21059300589142205    0.35284581311512575    0.024761507421346446   0.6756496543069735    -0.4129160586621035     0.07303015133000741  ]\n",
      " [-0.4039504234907712    -0.024313705245804933  -0.13987934955589665   -0.23494436055851545    0.29382097173658484    0.4756961421113172     0.3472270895811339    -0.3291414489553641     0.4432024438031017     0.15336583617002658  ]\n",
      " [-0.5035546375021942     0.14528875474856187    0.06412319066862866    0.20638931951143058   -0.6936471146232298    -0.07872966349497919    0.12864758949813787    0.005372006454263431  -0.018278523552952487   0.4175616425203141   ]\n",
      " [-0.6142259864037755     0.34513026698586885    0.348989046559324      0.05480035473328302    0.3181248914019296    -0.22794185838492434   -0.1974143436352408    -0.08584411945649195   -0.138569635231925     -0.400138708299169    ]]\n",
      "**** Q from np.linalg.qr\n",
      "[[-0.01660070233523725   -0.3648374624040117     0.696275707525665      0.18494217083017536   -0.5785674844487412     0.058345848610899545   0.0032539671895677118  0.07013106420435473   -0.04357284245269007    0.05140482552301864  ]\n",
      " [-0.03873497211555341   -0.4069083681102319     0.3342350380869221    -0.13566509992199338    0.6014906314249131    -0.337100563623808     -0.44649499825106176    0.05182958856385326   -0.15411255264717003    0.039806577226565644 ]\n",
      " [-0.07193637678602777   -0.4187402215735134     0.053057684314313215   0.008972657542070987   0.2695114348862589     0.08533120564963247    0.4638433595442089    -0.21048685700539654    0.6900125988700483     0.03309930704050992  ]\n",
      " [-0.11620491634666023   -0.4003330227938538    -0.14725635379209712   -0.24517654831031924   -0.022826883152713126   0.30983848252949936    0.12364261403482958   -0.20198746754229616   -0.382667674557818     -0.667376940456022    ]\n",
      " [-0.17154059079745082   -0.3516867717712531    -0.2667070762323324     0.027862073160509194   0.07018167199088358    0.532804211408183     -0.011662141897174587   0.24175042645527156   -0.25182723317222744    0.603472664042812    ]\n",
      " [-0.2379434001383995    -0.2728014685057118    -0.3052944830063857     0.16098958836052368   -0.17047680605944926   -0.6818914106359494     0.3884607362658377    -0.011888246732279822  -0.28974222038406056    0.14425000031234558  ]\n",
      " [-0.31541334436950635   -0.16367711299722848   -0.2630185741142296    -0.17122214952537354   -0.2512528581157589    -0.10592944906386273   -0.32144579822503155    0.6046465940108386     0.41382421723765556   -0.24638180847874894  ]\n",
      " [-0.40395042349077126   -0.024313705245804534  -0.13987934955589798   -0.1009647489902559    -0.2558424342691711    -0.020072628185150366  -0.4604382326938096    -0.6860253470884029     0.1487773468275326     0.1893295609511719   ]\n",
      " [-0.5035546375021943     0.14528875474856076    0.06412319066860145    0.7614191762839536     0.24200587052072392    0.13682072583270516   -0.05640329523083054    0.03642828473859286   -0.02994843946251131   -0.24240657199666915  ]\n",
      " [-0.6142259864037756     0.3451302669858688     0.34898904655935437   -0.4911571194292783     0.09577685722304707    0.02185357747785025    0.31724378926346364    0.10560196039546488   -0.10074320025875905    0.09480238583501639  ]]\n",
      "\n",
      "**** R from qr_decomposition\n",
      "[[-180.71524562139186       -207.35937286944753       -238.98371081807434       -275.58825946727234       -317.17301881704145       -363.73798886738166       -415.28316961829313       -471.8085610697757        -533.3141632218294        -599.7999760744543       ]\n",
      " [   0.                       -9.751434929763793       -23.328628082861943       -40.731579459294466       -61.96028905906132        -87.01475688216252       -115.8949829285981        -148.60096719836804       -185.13270969147231       -225.49021040791095      ]\n",
      " [   0.                        0.                        0.7490496609078672        2.2471489827235605        4.4942979654470925        7.490496609078476        11.2357449136177          15.730042879064742        20.97339050541963         26.96578779268238      ]\n",
      " [   0.                        0.                        0.                        0.00000000000003140846    0.00000000000007556541    0.00000000000016527282    0.00000000000028437416    0.00000000000039638004    0.00000000000054758447    0.00000000000069727006]\n",
      " [   0.                        0.                        0.                        0.                        0.00000000000003924288    0.00000000000005843635    0.0000000000000920173     0.0000000000001529764     0.00000000000020086122    0.00000000000029741255]\n",
      " [   0.                        0.                        0.                        0.                        0.                        0.0000000000000228147     0.00000000000001112179    0.00000000000002363361    0.00000000000003199953    0.00000000000004414422]\n",
      " [   0.                        0.                        0.                        0.                        0.                        0.                        0.00000000000001836079    0.000000000000029401      0.00000000000002213252    0.00000000000004791961]\n",
      " [   0.                        0.                        0.                        0.                        0.                        0.                        0.                       -0.00000000000002910647   -0.00000000000003021237   -0.00000000000006094378]\n",
      " [   0.                        0.                        0.                        0.                        0.                        0.                        0.                        0.                        0.0000000000000103415    -0.00000000000001791108]\n",
      " [   0.                        0.                        0.                        0.                        0.                        0.                        0.                        0.                        0.                       -0.00000000000000833333]]\n",
      "**** R from np.linalg.qr\n",
      "[[-180.7152456213919        -207.35937286944758       -238.9837108180744        -275.58825946727234       -317.1730188170415        -363.7379888673818        -415.2831696182932        -471.8085610697759        -533.3141632218296        -599.7999760744543       ]\n",
      " [   0.                       -9.751434929763816       -23.328628082861986       -40.73157945929451        -61.96028905906139        -87.01475688216263       -115.89498292859825       -148.60096719836824       -185.13270969147257       -225.49021040791115      ]\n",
      " [   0.                        0.                        0.7490496609078179        2.2471489827234365        4.4942979654469255        7.4904966090782015       11.235744913617319        15.730042879064353        20.97339050541911         26.965787792681546     ]\n",
      " [   0.                        0.                        0.                        0.00000000000003889197    0.00000000000011207903    0.00000000000018052955    0.00000000000030935896    0.00000000000048534254    0.00000000000063514113    0.00000000000076099376]\n",
      " [   0.                        0.                        0.                        0.                       -0.00000000000005296917   -0.00000000000007331926   -0.00000000000012772922   -0.00000000000027588693   -0.00000000000031217056   -0.00000000000032041797]\n",
      " [   0.                        0.                        0.                        0.                        0.                       -0.00000000000001585013   -0.00000000000002779868   -0.00000000000001729739   -0.00000000000004858331   -0.00000000000006165757]\n",
      " [   0.                        0.                        0.                        0.                        0.                        0.                       -0.00000000000002044031   -0.0000000000000143915    -0.00000000000003818138   -0.00000000000004511659]\n",
      " [   0.                        0.                        0.                        0.                        0.                        0.                        0.                        0.00000000000005289016    0.00000000000004883083    0.00000000000003228944]\n",
      " [   0.                        0.                        0.                        0.                        0.                        0.                        0.                        0.                       -0.00000000000001672841    0.00000000000000883681]\n",
      " [   0.                        0.                        0.                        0.                        0.                        0.                        0.                        0.                        0.                       -0.00000000000001019068]]\n"
     ]
    }
   ],
   "source": [
    "import numpy as np\n",
    "from typing import Union\n",
    "\n",
    "def qr_decomposition(A: np.ndarray) -> Union[np.ndarray, np.ndarray]:\n",
    "    m,n = A.shape\n",
    "    R = A.copy()\n",
    "    Q = np.identity(m)\n",
    "    \n",
    "    for j in range(0, n):\n",
    "        # Apply Householder transformation.\n",
    "        v, tau = householder_vectorized(R[j:, j, np.newaxis])\n",
    "        \n",
    "        H = np.identity(m)\n",
    "        H[j:, j:] -= tau * (v @ v.T)\n",
    "        R = H @ R\n",
    "        Q = H @ Q\n",
    "        \n",
    "    return Q[:n].T, np.triu(R[:n])\n",
    "    \n",
    "\n",
    "\n",
    "\n",
    "m = 5\n",
    "n = 4\n",
    "\n",
    "# A = np.random.rand(m, n)\n",
    "q, r = np.linalg.qr(A)\n",
    "Q, R = qr_decomposition(A)\n",
    "\n",
    "with np.printoptions(linewidth=9999, precision=20, suppress=True):\n",
    "    print(\"**** Q from qr_decomposition\")\n",
    "    print(Q)\n",
    "    print(\"**** Q from np.linalg.qr\")\n",
    "    print(q)\n",
    "    print()\n",
    "    \n",
    "    print(\"**** R from qr_decomposition\")\n",
    "    print(R)\n",
    "    print(\"**** R from np.linalg.qr\")\n",
    "    print(r)\n"
   ]
  },
  {
   "cell_type": "code",
   "execution_count": 51,
   "metadata": {},
   "outputs": [
    {
     "data": {
      "text/plain": [
       "array([[  3.,   7.,  13.,  21.,  31.,  43.,  57.,  73.,  91., 111.],\n",
       "       [  7.,  12.,  19.,  28.,  39.,  52.,  67.,  84., 103., 124.],\n",
       "       [ 13.,  19.,  27.,  37.,  49.,  63.,  79.,  97., 117., 139.],\n",
       "       [ 21.,  28.,  37.,  48.,  61.,  76.,  93., 112., 133., 156.],\n",
       "       [ 31.,  39.,  49.,  61.,  75.,  91., 109., 129., 151., 175.],\n",
       "       [ 43.,  52.,  63.,  76.,  91., 108., 127., 148., 171., 196.],\n",
       "       [ 57.,  67.,  79.,  93., 109., 127., 147., 169., 193., 219.],\n",
       "       [ 73.,  84.,  97., 112., 129., 148., 169., 192., 217., 244.],\n",
       "       [ 91., 103., 117., 133., 151., 171., 193., 217., 243., 271.],\n",
       "       [111., 124., 139., 156., 175., 196., 219., 244., 271., 300.]])"
      ]
     },
     "execution_count": 51,
     "metadata": {},
     "output_type": "execute_result"
    }
   ],
   "source": [
    "q @ r"
   ]
  },
  {
   "cell_type": "code",
   "execution_count": 52,
   "metadata": {},
   "outputs": [
    {
     "data": {
      "text/plain": [
       "array([[  3.,   7.,  13.,  21.,  31.,  43.,  57.,  73.,  91., 111.],\n",
       "       [  7.,  12.,  19.,  28.,  39.,  52.,  67.,  84., 103., 124.],\n",
       "       [ 13.,  19.,  27.,  37.,  49.,  63.,  79.,  97., 117., 139.],\n",
       "       [ 21.,  28.,  37.,  48.,  61.,  76.,  93., 112., 133., 156.],\n",
       "       [ 31.,  39.,  49.,  61.,  75.,  91., 109., 129., 151., 175.],\n",
       "       [ 43.,  52.,  63.,  76.,  91., 108., 127., 148., 171., 196.],\n",
       "       [ 57.,  67.,  79.,  93., 109., 127., 147., 169., 193., 219.],\n",
       "       [ 73.,  84.,  97., 112., 129., 148., 169., 192., 217., 244.],\n",
       "       [ 91., 103., 117., 133., 151., 171., 193., 217., 243., 271.],\n",
       "       [111., 124., 139., 156., 175., 196., 219., 244., 271., 300.]])"
      ]
     },
     "execution_count": 52,
     "metadata": {},
     "output_type": "execute_result"
    }
   ],
   "source": [
    "Q @ R"
   ]
  },
  {
   "cell_type": "code",
   "execution_count": null,
   "metadata": {},
   "outputs": [],
   "source": []
  }
 ],
 "metadata": {
  "kernelspec": {
   "display_name": "nla",
   "language": "python",
   "name": "python3"
  },
  "language_info": {
   "codemirror_mode": {
    "name": "ipython",
    "version": 3
   },
   "file_extension": ".py",
   "mimetype": "text/x-python",
   "name": "python",
   "nbconvert_exporter": "python",
   "pygments_lexer": "ipython3",
   "version": "3.9.15"
  },
  "vscode": {
   "interpreter": {
    "hash": "22705ef27b5704e2eb50670cf34b5b08ae6ca88e8f64287abd7aaebbf34523ad"
   }
  }
 },
 "nbformat": 4,
 "nbformat_minor": 4
}
